
                                                                                                 24(1)

                                                                             23(2)

                                                                                                 22(1)

                                                         21(3)

                                                                             20(1)

                                     19(4)

                                                                             18(1)

                                                         17(2)

                                                                             16(1)

                 15(5)

                                                                                                 14(1)

                                                                             13(2)

                                                                                                 12(1)

                                                         11(3)

                                                                                                 10(1)

                                                                             9(2)

                                                                                                 8(1)

                                     7(4)

                                                                                                 6(1)

                                                                             5(2)

                                                                                                 4(1)

                                                         3(3)

                                                                                                 2(1)

                                                                             1(2)

                                                                                                 0(1)
